{
  "asset": {
    "version": "2.0",
    "generator": "THREE.GLTFExporter r172"
  },
  "scenes": [
    {
      "name": "AuxScene",
      "nodes": [
        40
      ]
    }
  ],
  "scene": 0,
  "nodes": [
    {
      "rotation": [
        1.0663130049924034e-8,
        3.3578011285040673e-8,
        -9.125968307415322e-9,
        0.9999999999999993
      ],
      "translation": [
        -5.243262144460914e-7,
        0.00001526651355732156,
        -2.8842976007581456e-8
      ],
      "scale": [
        0.9999999423199895,
        0.9999998824193935,
        0.9999999415817352
      ],
      "name": "thigh_twistl",
      "extras": {
        "originalName": "thigh_twist.l",
        "transformData": {
          "inheritType": 1,
          "eulerOrder": "ZYX",
          "translation": [
            5.364418029785156e-7,
            0.000011363998055458069,
            -8.009374141693115e-7
          ],
          "rotation": [
            -0.000004035414499861049,
            0.0000062573929505418805,
            -0.000004606854632593494
          ],
          "scale": [
            1.0000001192092896,
            1,
            0.9999999403953552
          ],
          "parentMatrix": {
            "elements": [
              0.17275148834859083,
              0.7612161681621903,
              0.6250655470273304,
              0,
              0.0746443720653899,
              -0.6428994443055019,
              0.7623048848314636,
              0,
              0.982155727427757,
              -0.08503364272305157,
              -0.16788621723095393,
              0,
              12.483625411869147,
              6.894636328524939e-8,
              -0.00004037628103370494,
              1
            ]
          },
          "parentMatrixWorld": {
            "elements": [
              0.05762953849203176,
              0.6424314654770029,
              0.7641732244622441,
              0,
              -0.058260444658745095,
              -0.7619767521103107,
              0.6449785764743592,
              0,
              0.9966597315021654,
              -0.08169277604756212,
              -0.006484185744642795,
              0,
              11.666099787862724,
              83.0496355141366,
              4.423088321368274,
              1
            ]
          }
        }
      }
    },
    {
      "rotation": [
        -2.3326950701531025e-8,
        -1.6135736677017895e-8,
        1.8293286585826726e-8,
        0.9999999999999993
      ],
      "translation": [
        -6.636840588214454e-7,
        20.078291207004963,
        0.0000010193188977325462
      ],
      "scale": [
        1.0000000056928915,
        1.0000000039062202,
        0.9999999992263462
      ],
      "name": "leg_twistl",
      "extras": {
        "originalName": "leg_twist.l",
        "transformData": {
          "inheritType": 1,
          "eulerOrder": "ZYX",
          "translation": [
            2.384185791015625e-7,
            20.07829475402832,
            0.0000012777745723724365
          ],
          "rotation": [
            -0.000006483345254667038,
            -0.000006213206344018743,
            -0.000002630524312624938
          ],
          "scale": [
            0.9999996423721313,
            0.9999998211860657,
            0.9999998211860657
          ],
          "parentMatrix": {
            "elements": [
              0.04797627491192586,
              0.9803355452948815,
              0.19141682495129964,
              0,
              -0.9957658798536383,
              0.03189770685851543,
              0.08621332916274053,
              0,
              0.07841223770807962,
              -0.19474254789083914,
              0.9777150735635406,
              0,
              -2.210849405770432e-7,
              39.898629355923546,
              -1.4912111723219823e-7,
              1
            ]
          },
          "parentMatrixWorld": {
            "elements": [
              0.13642750715904728,
              -0.73180879799477,
              0.6677164269210067,
              0,
              0.026681450807996256,
              -0.6710596507297949,
              -0.740923308894792,
              0,
              0.9903138912087996,
              0.11889152437872891,
              -0.07202392493326308,
              0,
              9.341587738948121,
              52.64780737400707,
              30.156849318649655,
              1
            ]
          }
        }
      }
    },
    {
      "rotation": [
        -1.041541142750211e-7,
        0.9954252014705057,
        0.09554406444454,
        -0.000005177866982738721
      ],
      "translation": [
        6.61765362508504e-8,
        14.962251419422696,
        -0.0000035155832938116305
      ],
      "scale": [
        1.0000000565207023,
        0.9999998346067311,
        1.0000001173476065
      ],
      "name": "toes_01l",
      "extras": {
        "originalName": "toes_01.l",
        "transformData": {
          "inheritType": 1,
          "eulerOrder": "ZYX",
          "translation": [
            -0.0000021692667360184714,
            14.962254524230957,
            -1.4901161193847656e-8
          ],
          "rotation": [
            -10.96517203316013,
            -179.9997181410112,
            0.00003773604673145947
          ],
          "scale": [
            0.9999999403953552,
            0.9999994039535522,
            0.9999996423721313
          ],
          "parentMatrix": {
            "elements": [
              0.0029932239093831284,
              0.17720334335602855,
              -0.9841698348910228,
              0,
              0.966976706918953,
              0.2503026495440623,
              0.04800883247770203,
              0,
              0.25484758738123453,
              -0.9518127979719005,
              -0.17060225641707868,
              0,
              -0.000001593195569249417,
              40.15659015020458,
              8.789178629342587e-8,
              1
            ]
          },
          "parentMatrixWorld": {
            "elements": [
              -0.9695006584361584,
              -0.23811393320965896,
              -0.05841168842304785,
              0,
              0.18614447314012297,
              -0.8699022268821637,
              0.456753379787937,
              0,
              -0.15957730969698783,
              0.4319402948459668,
              0.8876736522870167,
              0,
              10.413023693342428,
              25.700341189675388,
              0.40389460049490467,
              1
            ]
          }
        }
      }
    },
    {
      "rotation": [
        0.48044064548176224,
        0.5953804778116563,
        -0.3795068838256257,
        0.5202628167081207
      ],
      "translation": [
        -0.000001593195569249417,
        40.15659015020458,
        8.789178629342587e-8
      ],
      "scale": [
        1.0000001235889213,
        1.00000010766168,
        1.0000000119385395
      ],
      "name": "footl",
      "extras": {
        "originalName": "foot.l",
        "transformData": {
          "inheritType": 1,
          "eulerOrder": "ZYX",
          "translation": [
            -0.0000013113021850585938,
            40.156620025634766,
            4.041939973831177e-7
          ],
          "rotation": [
            -3.135740274839677,
            89.83180226597743,
            -74.25771420354108
          ],
          "scale": [
            0.9994431734085083,
            0.9999999403953552,
            1.0000001192092896
          ],
          "parentMatrix": {
            "elements": [
              0.04797627491192586,
              0.9803355452948815,
              0.19141682495129964,
              0,
              -0.9957658798536383,
              0.03189770685851543,
              0.08621332916274053,
              0,
              0.07841223770807962,
              -0.19474254789083914,
              0.9777150735635406,
              0,
              -2.210849405770432e-7,
              39.898629355923546,
              -1.4912111723219823e-7,
              1
            ]
          },
          "parentMatrixWorld": {
            "elements": [
              0.13642750715904728,
              -0.73180879799477,
              0.6677164269210067,
              0,
              0.026681450807996256,
              -0.6710596507297949,
              -0.740923308894792,
              0,
              0.9903138912087996,
              0.11889152437872891,
              -0.07202392493326308,
              0,
              9.341587738948121,
              52.64780737400707,
              30.156849318649655,
              1
            ]
          }
        }
      },
      "children": [
        2
      ]
    },
    {
      "rotation": [
        0.09793294657874237,
        -0.03939007174743249,
        0.6888107749437584,
        0.7172149437205757
      ],
      "translation": [
        -2.210849405770432e-7,
        39.898629355923546,
        -1.4912111723219823e-7
      ],
      "scale": [
        0.9999999535958928,
        0.9999999456684188,
        0.999999952050722
      ],
      "name": "leg_stretchl",
      "extras": {
        "originalName": "leg_stretch.l",
        "transformData": {
          "inheritType": 1,
          "eulerOrder": "ZYX",
          "translation": [
            8.344650268554688e-7,
            39.898643493652344,
            -0.0000010505318641662598
          ],
          "rotation": [
            0.000022198111545653448,
            0.000012009526953718709,
            12.638926110971033
          ],
          "scale": [
            1,
            1.0000001192092896,
            1.0000001192092896
          ],
          "parentMatrix": {
            "elements": [
              0.17275148834859083,
              0.7612161681621903,
              0.6250655470273304,
              0,
              0.0746443720653899,
              -0.6428994443055019,
              0.7623048848314636,
              0,
              0.982155727427757,
              -0.08503364272305157,
              -0.16788621723095393,
              0,
              12.483625411869147,
              6.894636328524939e-8,
              -0.00004037628103370494,
              1
            ]
          },
          "parentMatrixWorld": {
            "elements": [
              0.05762953849203176,
              0.6424314654770029,
              0.7641732244622441,
              0,
              -0.058260444658745095,
              -0.7619767521103107,
              0.6449785764743592,
              0,
              0.9966597315021654,
              -0.08169277604756212,
              -0.006484185744642795,
              0,
              11.666099787862724,
              83.0496355141366,
              4.423088321368274,
              1
            ]
          }
        }
      },
      "children": [
        1,
        3
      ]
    },
    {
      "rotation": [
        0.7041898165270004,
        0.2967454551680298,
        0.5705842560135769,
        0.3008196307831148
      ],
      "translation": [
        12.483625411869147,
        6.894636328524939e-8,
        -0.00004037628103370494
      ],
      "scale": [
        1.0000000294960547,
        1.0000000971904917,
        1.0000231799536587
      ],
      "name": "thigh_stretchl",
      "extras": {
        "originalName": "thigh_stretch.l",
        "transformData": {
          "inheritType": 1,
          "eulerOrder": "ZYX",
          "translation": [
            12.483624458312988,
            -6.762786597391823e-8,
            -0.00008740885823499411
          ],
          "rotation": [
            78.2009053547945,
            -85.24698314409301,
            101.91304086989598
          ],
          "scale": [
            0.9999999403953552,
            0.9999996423721313,
            0.9999991655349731
          ],
          "parentMatrix": {
            "elements": [
              1,
              -2.4458927083276578e-15,
              0.000002926469051102484,
              0,
              -3.698256664064963e-22,
              0.9999999999999999,
              8.357829983669648e-10,
              0,
              -0.0000029264690511024837,
              -8.357829983669647e-10,
              0.9999999999999998,
              0,
              1.5724803287575775e-22,
              87.92531578798707,
              1.5773126173320657,
              1
            ]
          },
          "parentMatrixWorld": {
            "elements": [
              0.9844364469781609,
              -0.02612758437301347,
              0.17378788958863506,
              0,
              -0.0034215400538147255,
              0.9858498158080858,
              0.16759604158777044,
              0,
              -0.17570763869707204,
              -0.16558227389216898,
              0.9704170933544211,
              0,
              -0.6232431521891173,
              83.37579573679912,
              2.2536245769026237,
              1
            ]
          }
        }
      },
      "children": [
        0,
        4
      ]
    },
    {
      "rotation": [
        -3.0633985710689047e-9,
        -1.075551102922854e-8,
        -6.402983302079148e-7,
        0.9999999999995293
      ],
      "translation": [
        0.000004189236502583071,
        0.000007241865489504562,
        -0.000001034836364155467
      ],
      "scale": [
        0.9999999481261738,
        1.000000016871456,
        0.9999999487245188
      ],
      "name": "thigh_twistr",
      "extras": {
        "originalName": "thigh_twist.r",
        "transformData": {
          "inheritType": 1,
          "eulerOrder": "ZYX",
          "translation": [
            -0.0000022649765014648438,
            -0.000010440126061439514,
            -0.0000021532177925109863
          ],
          "rotation": [
            0.0000010271965199241988,
            0.000006142336054162251,
            0.000004456153539787514
          ],
          "scale": [
            0.9999998211860657,
            0.9999999403953552,
            1
          ],
          "parentMatrix": {
            "elements": [
              -0.024008458559090794,
              -0.1135403781377431,
              -0.9932434673082116,
              0,
              0.049479159293554946,
              -0.9924472596272126,
              0.11225336209567605,
              0,
              -0.9985196073716197,
              -0.04645133680306066,
              0.029445965071842398,
              0,
              -12.483035087478537,
              1.2789769243681803e-13,
              0.00003653121584745733,
              1
            ]
          },
          "parentMatrixWorld": {
            "elements": [
              0.15127414560220812,
              0.05315703399823006,
              -0.9870617358200265,
              0,
              0.0323810126348882,
              -0.9982838859597183,
              -0.048798772161757015,
              0,
              -0.9879940404014506,
              -0.02458086639517149,
              -0.15274080761660644,
              0,
              -12.912004280023881,
              83.70194124035685,
              0.0842597039051669,
              1
            ]
          }
        }
      }
    },
    {
      "rotation": [
        4.178194433033566e-7,
        0.9954252103648031,
        0.09554397172982834,
        0.0000060085402974677326
      ],
      "translation": [
        -5.6722276653431436e-8,
        14.962255341609666,
        -5.137161078749841e-7
      ],
      "scale": [
        0.9999999971196132,
        0.9999998615082533,
        0.9999999255876738
      ],
      "name": "toes_01r",
      "extras": {
        "originalName": "toes_01.r",
        "transformData": {
          "inheritType": 1,
          "eulerOrder": "ZYX",
          "translation": [
            -4.648325102607487e-8,
            14.962258338928223,
            -3.725290298461914e-8
          ],
          "rotation": [
            -10.96523350486266,
            179.9997591221462,
            -0.00004200702868302543
          ],
          "scale": [
            1.0000005960464478,
            1.0000011920928955,
            1.0000001192092896
          ],
          "parentMatrix": {
            "elements": [
              0.003648899195343469,
              -0.04022160673224813,
              0.9991839507490164,
              0,
              -0.9993623402861066,
              -0.035631653787320305,
              0.002215212572865943,
              0,
              0.03551349025657606,
              -0.9985551206059549,
              -0.0403259792940874,
              0,
              9.686543505083023e-7,
              40.15660305649724,
              0.000001025480445449034,
              1
            ]
          },
          "parentMatrixWorld": {
            "elements": [
              -0.9861075120506003,
              0.010233857675065312,
              -0.16599180499428415,
              0,
              -0.1418840372561771,
              -0.5724274781086692,
              0.8075865928716496,
              0,
              -0.08674932120575554,
              0.8198918301577773,
              0.5659085396302895,
              0,
              -6.345781030538223,
              11.797800312624624,
              -25.442310698881833,
              1
            ]
          }
        }
      }
    },
    {
      "rotation": [
        0.5195205831012244,
        -0.5002612878123488,
        0.49790982518647164,
        0.4815836465339987
      ],
      "translation": [
        9.686543505083023e-7,
        40.15660305649724,
        0.000001025480445449034
      ],
      "scale": [
        0.9999998347798766,
        0.9999998097535349,
        0.999999865969189
      ],
      "name": "footr",
      "extras": {
        "originalName": "foot.r",
        "transformData": {
          "inheritType": 1,
          "eulerOrder": "ZYX",
          "translation": [
            -5.960464477539063e-8,
            40.156639099121094,
            7.627531886100769e-7
          ],
          "rotation": [
            -3.1322389491163993,
            -89.8315153980323,
            74.2525369201502
          ],
          "scale": [
            0.9993914365768433,
            0.9999998211860657,
            1.000000238418579
          ],
          "parentMatrix": {
            "elements": [
              0.829788258553874,
              -0.5573770836068849,
              -0.02797341677684909,
              0,
              0.5570037724743447,
              0.8302584794065979,
              -0.02044296304272814,
              0,
              0.03461960099525328,
              0.001382032013002715,
              0.9993997418855198,
              0,
              4.709242080735976e-7,
              39.89863027755263,
              -0.0000011654034111074907,
              1
            ]
          },
          "parentMatrixWorld": {
            "elements": [
              0.1351146445220026,
              0.6012172544596645,
              -0.787580239269855,
              0,
              0.13134240574451383,
              -0.7987224869591895,
              -0.5871902302035366,
              0,
              -0.9821191868039204,
              -0.02410549651200808,
              -0.18688824862451653,
              0,
              -11.620045006241435,
              43.87178161609109,
              -1.862744751401912,
              1
            ]
          }
        }
      },
      "children": [
        7
      ]
    },
    {
      "rotation": [
        5.433285274843787e-9,
        -2.565222909197087e-8,
        -6.646677620365876e-7,
        0.9999999999995133
      ],
      "translation": [
        0.00008257260612687389,
        20.078309449276304,
        -0.00008094441188433166
      ],
      "scale": [
        0.9999998822986728,
        0.99999973212964,
        0.999999710780759
      ],
      "name": "leg_twistr",
      "extras": {
        "originalName": "leg_twist.r",
        "transformData": {
          "inheritType": 1,
          "eulerOrder": "ZYX",
          "translation": [
            -6.407499313354492e-7,
            20.078311920166016,
            9.57399606704712e-7
          ],
          "rotation": [
            -0.00000783070353326984,
            0.000014072257423275782,
            0.000005889287256150521
          ],
          "scale": [
            1,
            1.000000238418579,
            1.0000003576278687
          ],
          "parentMatrix": {
            "elements": [
              0.829788258553874,
              -0.5573770836068849,
              -0.02797341677684909,
              0,
              0.5570037724743447,
              0.8302584794065979,
              -0.02044296304272814,
              0,
              0.03461960099525328,
              0.001382032013002715,
              0.9993997418855198,
              0,
              4.709242080735976e-7,
              39.89863027755263,
              -0.0000011654034111074907,
              1
            ]
          },
          "parentMatrixWorld": {
            "elements": [
              0.1351146445220026,
              0.6012172544596645,
              -0.787580239269855,
              0,
              0.13134240574451383,
              -0.7987224869591895,
              -0.5871902302035366,
              0,
              -0.9821191868039204,
              -0.02410549651200808,
              -0.18688824862451653,
              0,
              -11.620045006241435,
              43.87178161609109,
              -1.862744751401912,
              1
            ]
          }
        }
      }
    },
    {
      "rotation": [
        -0.005704484724315411,
        0.016360182902640734,
        -0.2912701022917506,
        0.956483946258122
      ],
      "translation": [
        4.709242080735976e-7,
        39.89863027755263,
        -0.0000011654034111074907
      ],
      "scale": [
        1.0000001382294796,
        1.0000001284860653,
        1.0000001354279855
      ],
      "name": "leg_stretchr",
      "extras": {
        "originalName": "leg_stretch.r",
        "transformData": {
          "inheritType": 1,
          "eulerOrder": "ZYX",
          "translation": [
            -2.2351741790771484e-7,
            39.898616790771484,
            1.4901161193847656e-8
          ],
          "rotation": [
            0.000027654275038170007,
            -0.000012036207380164071,
            -12.639311162885493
          ],
          "scale": [
            0.9999999403953552,
            0.9999995231628418,
            0.9999998211860657
          ],
          "parentMatrix": {
            "elements": [
              -0.024008458559090794,
              -0.1135403781377431,
              -0.9932434673082116,
              0,
              0.049479159293554946,
              -0.9924472596272126,
              0.11225336209567605,
              0,
              -0.9985196073716197,
              -0.04645133680306066,
              0.029445965071842398,
              0,
              -12.483035087478537,
              1.2789769243681803e-13,
              0.00003653121584745733,
              1
            ]
          },
          "parentMatrixWorld": {
            "elements": [
              0.15127414560220812,
              0.05315703399823006,
              -0.9870617358200265,
              0,
              0.0323810126348882,
              -0.9982838859597183,
              -0.048798772161757015,
              0,
              -0.9879940404014506,
              -0.02458086639517149,
              -0.15274080761660644,
              0,
              -12.912004280023881,
              83.70194124035685,
              0.0842597039051669,
              1
            ]
          }
        }
      },
      "children": [
        8,
        9
      ]
    },
    {
      "rotation": [
        0.6962387413988661,
        -0.023002601666243648,
        -0.7151748787408998,
        0.05698588755109199
      ],
      "translation": [
        -12.483035087478537,
        1.2789769243681803e-13,
        0.00003653121584745733
      ],
      "scale": [
        1.0000002011015698,
        1.0000002773082504,
        1.000033095205982
      ],
      "name": "thigh_stretchr",
      "extras": {
        "originalName": "thigh_stretch.r",
        "transformData": {
          "inheritType": 1,
          "eulerOrder": "ZYX",
          "translation": [
            -12.483036041259766,
            -6.76278375522088e-8,
            0.00008826867997413501
          ],
          "rotation": [
            78.21767346920689,
            85.24704461579555,
            -101.8966142649421
          ],
          "scale": [
            1.000000238418579,
            1.0000003576278687,
            1.0000004768371582
          ],
          "parentMatrix": {
            "elements": [
              1,
              -2.4458927083276578e-15,
              0.000002926469051102484,
              0,
              -3.698256664064963e-22,
              0.9999999999999999,
              8.357829983669648e-10,
              0,
              -0.0000029264690511024837,
              -8.357829983669647e-10,
              0.9999999999999998,
              0,
              1.5724803287575775e-22,
              87.92531578798707,
              1.5773126173320657,
              1
            ]
          },
          "parentMatrixWorld": {
            "elements": [
              0.9844364469781609,
              -0.02612758437301347,
              0.17378788958863506,
              0,
              -0.0034215400538147255,
              0.9858498158080858,
              0.16759604158777044,
              0,
              -0.17570763869707204,
              -0.16558227389216898,
              0.9704170933544211,
              0,
              -0.6232431521891173,
              83.37579573679912,
              2.2536245769026237,
              1
            ]
          }
        }
      },
      "children": [
        6,
        10
      ]
    },
    {
      "rotation": [
        -0.0628957524895668,
        0.000020354631487862207,
        0.008776145987212658,
        0.9979815483093262
      ],
      "translation": [
        -4.3613441036427503e-7,
        3.01784385588912,
        -0.000016537684530248953
      ],
      "scale": [
        0.9999999264085822,
        0.9999999928041725,
        1.000000003437279
      ],
      "name": "index2l",
      "extras": {
        "originalName": "index3.l",
        "transformData": {
          "inheritType": 1,
          "eulerOrder": "ZYX",
          "translation": [
            -5.960464477539062e-7,
            3.0178492069244385,
            -0.000014394521713256836
          ],
          "rotation": [
            1.3897485155411322,
            -0.025004472112823736,
            0.13868811167501963
          ],
          "scale": [
            0.9999998807907104,
            0.9999998211860657,
            1
          ],
          "parentMatrix": {
            "elements": [
              0.9997655684203474,
              0.021650731264539456,
              -0.0005748031620891789,
              0,
              -0.01998598759513025,
              0.9120165346043879,
              -0.4096661911015174,
              0,
              -0.008345342643695587,
              0.4095816221713947,
              0.9122353997624869,
              0,
              -7.958273471331268e-7,
              3.132476799217919,
              0.0000016711407511138532,
              1
            ]
          },
          "parentMatrixWorld": {
            "elements": [
              0.14653478085937166,
              0.8658281840309062,
              0.4784025815047895,
              0,
              -0.7096287617067925,
              -0.24492615453285352,
              0.6606347620031664,
              0,
              0.6891695138582223,
              -0.4362941971285218,
              0.5785264398684697,
              0,
              31.588742533743382,
              94.24234050315552,
              17.057809717100834,
              1
            ]
          }
        }
      }
    },
    {
      "rotation": [
        -0.2094717025756836,
        -0.001986832357943058,
        0.010646002367138863,
        0.9777547121047974
      ],
      "translation": [
        -7.958273471331268e-7,
        3.132476799217919,
        0.0000016711407511138532
      ],
      "scale": [
        1.0000001381912023,
        0.9999999974749377,
        1.000000091125649
      ],
      "name": "index1l",
      "extras": {
        "originalName": "index2.l",
        "transformData": {
          "inheritType": 1,
          "eulerOrder": "ZYX",
          "translation": [
            -0.0000050067901611328125,
            3.132505416870117,
            -0.000016614794731140137
          ],
          "rotation": [
            -9.448543895884432,
            0.012699457768695986,
            -0.9418305794655139
          ],
          "scale": [
            0.9999999403953552,
            0.9999999403953552,
            0.9999999403953552
          ],
          "parentMatrix": {
            "elements": [
              0.9818186154114176,
              0.1543685674256069,
              -0.11046481097536336,
              0,
              -0.1798526858822039,
              0.9426205539445386,
              -0.28128170411602527,
              0,
              0.060705339992140374,
              0.2960349712848474,
              0.9532458959312273,
              0,
              -3.145197560172619e-7,
              5.064291402776116,
              -5.256868860215036e-7,
              1
            ]
          },
          "parentMatrixWorld": {
            "elements": [
              0.15493166539448175,
              0.8741610822635861,
              0.46025885797460653,
              0,
              -0.3617494699014424,
              -0.38332895112903853,
              0.8498213532483161,
              0,
              0.9193114042850354,
              -0.29816265605717013,
              0.2568374888594885,
              0,
              32.72191294233914,
              95.44311074298884,
              14.395763981645501,
              1
            ]
          }
        }
      },
      "children": [
        12
      ]
    },
    {
      "rotation": [
        -0.1465878188610077,
        0.04346220940351486,
        0.08486288785934448,
        0.9845919609069824
      ],
      "translation": [
        -3.145197560172619e-7,
        5.064291402776116,
        -5.256868860215036e-7
      ],
      "scale": [
        0.9999999614751085,
        0.9999999476916263,
        0.999999790715694
      ],
      "name": "index1_basel",
      "extras": {
        "originalName": "index1.l",
        "transformData": {
          "inheritType": 1,
          "eulerOrder": "ZYX",
          "translation": [
            4.76837158203125e-7,
            5.064278602600098,
            -1.9371509552001953e-7
          ],
          "rotation": [
            4.674905475055479,
            -0.9035517447575294,
            9.390272136980467
          ],
          "scale": [
            1.0000001192092896,
            1.0000001192092896,
            1.0000001192092896
          ],
          "parentMatrix": {
            "elements": [
              0.992428490989347,
              -0.1228232369595324,
              -6.392632086100989e-8,
              0,
              0.12225346214201867,
              0.9878246829002445,
              -0.09621240082581557,
              0,
              0.011817182493023421,
              0.09548392673769517,
              0.9953609961115768,
              0,
              0.007861873204221936,
              2.514345927338148,
              -0.27337147634645476,
              1
            ]
          },
          "parentMatrixWorld": {
            "elements": [
              0.27298356070197966,
              0.9091103653257621,
              0.3146394944873805,
              0,
              -0.04492750132561758,
              -0.3146573920376947,
              0.948141576044539,
              0,
              0.9609692104578169,
              -0.272963061229878,
              -0.045052250473823746,
              0,
              32.94943949207831,
              97.03662761074536,
              9.594098824745505,
              1
            ]
          }
        }
      },
      "children": [
        13
      ]
    },
    {
      "rotation": [
        -0.0480708302680734,
        0.0029633580056727974,
        -0.06145679458763667,
        0.9969470779262469
      ],
      "translation": [
        0.007861873204221936,
        2.514345927338148,
        -0.27337147634645476
      ],
      "scale": [
        0.9999999286323045,
        1.0000001696126586,
        1.0000001693237623
      ],
      "name": "XL2",
      "extras": {
        "originalName": "index1_base.l",
        "transformData": {
          "inheritType": 1,
          "eulerOrder": "ZYX",
          "translation": [
            0.007863294333219528,
            2.514348030090332,
            -0.27341920137405396
          ],
          "rotation": [
            -5.521096757554712,
            0.000005122641877509563,
            -7.0550731484354205
          ],
          "scale": [
            1,
            0.9999999403953552,
            1
          ],
          "parentMatrix": {
            "elements": [
              0.8342678727674614,
              -0.1531359514714572,
              0.529666559565024,
              0,
              0.12281682505155185,
              0.9881335150268009,
              0.09224035991267457,
              0,
              -0.5375065954828904,
              -0.01190120225026444,
              0.8431757185288357,
              0,
              6.508136523031283e-7,
              33.464011701732126,
              0.00106145246687106,
              1
            ]
          },
          "parentMatrixWorld": {
            "elements": [
              0.2767801058470204,
              0.8605335610508277,
              0.4276384037560629,
              0,
              0.013847873571836256,
              -0.44854970294651275,
              0.8936505229520846,
              0,
              0.9608335104822326,
              -0.24142281777825464,
              -0.136066204245271,
              0,
              33.17510961274672,
              98.09167321169294,
              7.30659361385435,
              1
            ]
          }
        }
      },
      "children": [
        14
      ]
    },
    {
      "rotation": [
        0.027197119203885775,
        -0.27869789337537276,
        -0.0720665248874029,
        0.9572848056316621
      ],
      "translation": [
        6.508136523031283e-7,
        33.464011701732126,
        0.00106145246687106
      ],
      "scale": [
        1.0000000866986547,
        1.0000000502275013,
        1.0000001383561827
      ],
      "name": "handl",
      "extras": {
        "originalName": "hand.l",
        "transformData": {
          "inheritType": 1,
          "eulerOrder": "ZYX",
          "translation": [
            3.2782554626464844e-7,
            33.4640007019043,
            -0.00001536852323624771
          ],
          "rotation": [
            -0.00003428745831032466,
            5.632337914132595,
            -0.00007842979721184941
          ],
          "scale": [
            1.000000238418579,
            1.0000007152557373,
            0.9999998807907104
          ],
          "parentMatrix": {
            "elements": [
              -0.3043923623322191,
              -0.9525466531794065,
              6.06078787244635e-8,
              0,
              0.9525466381415069,
              -0.30439235752674787,
              2.2727494009117216e-7,
              0,
              -1.9804139945799528e-7,
              1.2691259173985098e-7,
              0.9999998508411747,
              0,
              -5.166609486906282e-7,
              33.139761952388696,
              0.000014192880570362831,
              1
            ]
          },
          "parentMatrixWorld": {
            "elements": [
              -0.28384474591607456,
              0.7925922594315556,
              0.5396566940886038,
              0,
              -0.040136503210037894,
              -0.5721323320355294,
              0.8191784925824023,
              0,
              0.9580297404985471,
              0.21085959034450316,
              0.1942086725752123,
              0,
              34.51722130753269,
              117.23729193260698,
              -20.106611542220982,
              1
            ]
          }
        }
      },
      "children": [
        15
      ]
    },
    {
      "rotation": [
        1.9477933124539392e-7,
        0.04913207728151916,
        -1.153764265355146e-8,
        0.9987922902095134
      ],
      "translation": [
        0.0000011754904469807315,
        16.73201402696618,
        -0.000010204873859720465
      ],
      "scale": [
        1.0000000314887534,
        1.000000035854994,
        1.00000014161564
      ],
      "name": "forearm_twistl",
      "extras": {
        "originalName": "forearm_twist.l",
        "transformData": {
          "inheritType": 1,
          "eulerOrder": "ZYX",
          "translation": [
            -4.76837158203125e-7,
            16.73200798034668,
            -0.00003345318327774294
          ],
          "rotation": [
            0.000013755811672020375,
            5.632363954228805,
            -0.000006070586811658426
          ],
          "scale": [
            1.0000001192092896,
            1.000000238418579,
            1
          ],
          "parentMatrix": {
            "elements": [
              -0.3043923623322191,
              -0.9525466531794065,
              6.06078787244635e-8,
              0,
              0.9525466381415069,
              -0.30439235752674787,
              2.2727494009117216e-7,
              0,
              -1.9804139945799528e-7,
              1.2691259173985098e-7,
              0.9999998508411747,
              0,
              -5.166609486906282e-7,
              33.139761952388696,
              0.000014192880570362831,
              1
            ]
          },
          "parentMatrixWorld": {
            "elements": [
              -0.28384474591607456,
              0.7925922594315556,
              0.5396566940886038,
              0,
              -0.040136503210037894,
              -0.5721323320355294,
              0.8191784925824023,
              0,
              0.9580297404985471,
              0.21085959034450316,
              0.1942086725752123,
              0,
              34.51722130753269,
              117.23729193260698,
              -20.106611542220982,
              1
            ]
          }
        }
      }
    },
    {
      "rotation": [
        4.254452127283423e-8,
        -1.096438271864455e-7,
        -0.8075866428969927,
        0.5897489083490715
      ],
      "translation": [
        -5.166609486906282e-7,
        33.139761952388696,
        0.000014192880570362831
      ],
      "scale": [
        0.9999999696474838,
        0.999999953860456,
        0.9999998508412024
      ],
      "name": "forearm_stretchl",
      "extras": {
        "originalName": "forearm_stretch.l",
        "transformData": {
          "inheritType": 1,
          "eulerOrder": "ZYX",
          "translation": [
            -0.0000019073486328125,
            33.1397590637207,
            -0.00001751688432705123
          ],
          "rotation": [
            -0.000030142472327687572,
            -0.000007892316526114902,
            -11.217647414508713
          ],
          "scale": [
            1.0000001192092896,
            1.000000238418579,
            1.0000001192092896
          ],
          "parentMatrix": {
            "elements": [
              0.8415801605096601,
              -0.007239713405024555,
              -0.5400837061865579,
              0,
